0.3187145374495898	0.21176319664265272	-0.13317793024564878	-0.6665504025037733
-1.7281235492904297	0.21224768989927853	-0.040316534819726996	0.4857804825732402
0.5986165380575325	-1.1505125546836903	0.4444537800298541	-1.1897815984688025
-1.7601594339214346	0.18606045104528698	0.8364077409329327	-1.153829339099436
-2.770091276255097	0.8361272795780051	-2.51702662609377	0.4377585704779739
-1.0713255850829086	-3.1392847809957565	1.1805299113786327	-1.02713036145582
-1.1124460483954108	1.2057489196067517	-2.057010584090369	-1.5888922291897805
-3.4787708785989673	1.3579828162640681	-3.093985932349257	-3.3384517244046537
0.4102298305478281	0.7887782549313254	-2.316679528403382	-1.6423261584358932
-3.831102914987574	0.9053413769103728	-3.8615389919485477	0.39507989225557544
-3.8432273261650187	1.370463065863997	-3.870965373037695	-3.8842149273210707
-1.6430353942105167	-1.4756383996573932	-2.5852708482113673	1.2535054036831916
0.4082734210060324	-1.328501798765716	0.5431163733307162	-0.6742373240101575
-2.4543086471362154	0.24371003161680838	0.9252008025371119	-2.156508962970881
-1.1042975172026643	-0.24294893017392372	-2.0322989710899484	1.012767818678037
-3.5617779999160537	-2.958029685272101	1.3548032220829764	-3.1305809574111296
-1.5307838364043191	-1.7232039442193168	1.1739842052422567	-0.9934814316192073
-0.39406688848148846	0.6558541101262827	-0.9768762160057101	0.02217062780421502
-0.16557110070050188	0.5030754671473677	-0.23435093608976576	-0.34572570743607367
0.4642441604737338	-0.5010384958137848	0.30550035283382415	-0.8074731155415105
