-0.5539398538657294	0.23549762985563427	-0.11883563119772389	0.2404542081454982
-1.6032200711612319	0.04987182888897666	-1.0626743322803638	0.8763373953505863
-1.9995029356070164	-0.1491828007455394	-1.8439884964105617	1.045563261229411
-2.8349718696766497	-0.6114238298140295	-1.2597334530005595	1.1362202912863408
-2.7975215782637117	1.1278550410635233	-0.5644378962381503	-1.268206435953523
-2.7950202661966377	0.8167266279754852	0.39146300515249954	-1.6262618413026289
-1.5939650305703823	1.2664192549918323	-3.2075458225580133	-1.5687724587187475
-2.89132832688097	-2.7247453080881363	1.2815058772482866	-1.2841900075812558
-3.4390444509308953	1.3114269303940427	-1.5322761676745102	-3.2090402216927805
-3.109718888060151	1.1964526453002826	-1.3022455750661175	-0.9805469979898148
0.5214480732487131	0.028818609287778987	-1.2257065613721452	-0.007279644903234453
0.24530028024577935	-0.16476134959230684	-0.42160214304744953	0.19713128825259332
-0.08479733974814785	0.2729354953492007	-0.9250588540215751	0.3155243345353495
-0.10621454903245899	-0.057946734251494714	-0.4406896512872151	0.41440877750203914
