-0.8163776014072887	0.6653641991916388	-0.3048995406315516	-0.1328758679547914
-0.402556407036446	0.600608453463235	-0.9218210615042296	0.10469292416532795
-0.5799190122402295	0.7521084195332809	-0.9827607780182411	-0.05729901913562743
-0.5626628130172183	1.1230472763081576	-2.867742780901045	-1.2063924712454064
-1.4087178321551737	1.0898898959092562	-2.8695325818970043	-0.3217609671819946
0.1111786185600335	-3.325379991514119	0.5866064705096359	0.04742707613779444
-2.5964068908456728	1.2880348630938714	-1.8042705502553786	-2.000926525027751
-2.5407775298545743	1.3526209786499852	-4.400058040447162	-3.185217465783271
-2.008427656659256	1.1604079811789882	-3.622393826616062	-0.4341009238900141
0.7003933858422343	0.5848447300554929	-3.2014680965660114	-1.8968516826863282
-0.8162226582951946	1.1653667763314615	-1.7268357636977638	-1.7547162315445437
0.173783831371987	-1.5758246760090204	0.6558524521438157	-0.39070393046270663
-1.6503066343078983	1.0994039353782428	-1.0911156750815236	-0.7554663071924205
0.2553014365022195	0.41494969503743384	-1.1885052259807694	-0.11633336458930595
-0.7129394558114999	0.621381919821078	-0.5634090960418794	0.07606718532229044
-0.2638388685899789	0.5860058723228898	-0.5376983796375163	-0.16132644360885823
-0.5818870300773137	0.573915621854094	-0.18818958710392328	-0.1773399079340087
-0.3259174746291881	0.5582079302152785	-0.2625157020594115	-0.272487466985606
