0.31269051488746935	-0.18349083280617123	0.3311358735067848	-0.8965049307738449
-0.12680148418376064	0.46361467911160215	-0.5318278026921385	-0.06001425733424751
0.7505478476135121	-2.5872028205484585	-3.524656905059032	0.5750097083474348
0.7820336089512767	-0.8103734964123613	0.244827366962389	-2.3860292891498727
0.6668338136904933	-3.9036146847630504	-1.3575893216649944	0.5735137612731542
-1.121497413951996	-2.9537483453633304	1.2836490178349382	-4.400058040447162
-3.936007229411439	-0.07529715511857978	-2.240458644098337	1.0806507568814436
1.2324680719479288	-0.6055705737083116	-4.400058040447162	-4.400058040447162
1.2841637035707367	-1.161719145264305	-3.5624139541654865	-3.056847542059052
1.3531942233559995	-3.8953619761068783	-4.400058040447162	-2.326666214462136
-4.400058040447161	0.9347943019648423	-4.400058040447161	0.3568049688328403
1.3610602053876188	-3.588919842160576	-3.6082539907291693	-3.1022831732386855
-0.07517699506979432	-0.2860776308390573	-0.3111124320042293	0.4628436250393001
