-0.4967987844125974	0.7721871914075302	-0.7041815660105087	-0.31126980450141534
0.5426216703241368	-2.112507944588973	-2.68911105073209	0.7374572445246776
0.5652694005697327	-1.0130405037734975	0.49480860053704456	-1.440621193752267
0.6966474352075475	-4.389836362849614	-0.6956534654509047	0.3932818860699042
-0.5261593030535561	-3.1485297482795245	1.2006194299695208	-3.1226407583064497
-4.389836362849614	0.05151026199735673	-3.5380498832087373	1.0666630675569488
1.2480187808132122	-0.7432293379959242	-3.554805514479297	-4.389836362849614
1.291852625995837	-1.1389623247297551	-4.389836362849614	-3.578297739706357
1.358462442402	-3.8863361876716156	-3.9202485277642873	-2.667347494132059
-3.9108281596958676	1.1883736656643227	-3.8334680747079477	-0.3906721047623885
1.363436752071876	-4.389836362849614	-3.56826093190306	-3.000025634853623
