-1.0304105539540909	0.43811066953540795	-0.018148194552891343	0.10557340209290259
-1.1280642594012076	0.9073819084470863	-0.4810368256197133	-0.5440863133031892
1.0404320473626838	-1.8504445165866086	-0.2761401935045087	-1.3716559438167275
-5.7173230670928445	1.2964067931472267	-3.109079898175406	-1.2176198315414393
-3.401117964959724	-5.394962755562366	-5.394962755562366	1.375634051495666
-5.852906870733566	-5.852906870733566	-5.23419560064309	1.3835219739184805
-5.852906870733566	1.3841383838057844	-5.852906870733566	-5.852906870733566
-5.852906870733566	1.3841383838057844	-5.852906870733566	-5.852906870733566
-5.717323067092845	-3.5801322928552217	1.2353381899855975	-0.6362037835776333
-5.307085318232711	-0.28140915528344673	1.1082369687811493	-1.5544255540164387
-1.8638752827041063	0.40315229944127723	-0.30116785345720876	0.47526546359546656
-0.9888619717703555	0.009069314183831861	0.15761121480430038	0.3703066892164342
-1.3518085041421573	0.6054596108973699	0.013801606113892391	-0.1106670158341858
