-0.6502049466161749	-1.1579830309442483	-1.1525159712071056	1.046652446284964
-1.1512979940443302	-3.1269510890175716	1.2662861070424059	-2.3830340480440575
0.16474604586553193	-1.020645312919382	0.8065855750239691	-1.5127728583307658
1.1246963786579056	-0.34846101654505235	-3.2650869197854133	-1.7330122666704468
-3.0165686338871494	1.3551162541995994	-3.172424558496105	-3.444601284351073
-3.5453961378892354	-0.761627328409717	-3.95679562783183	1.2485003290726036
-2.0183286447037236	-0.5753603988731867	-2.7598046742093887	1.1759795423174304
-2.8764075714783104	-2.439711563941101	-3.580125948893933	1.342500515281292
-1.3786604745881046	-2.86441415579279	1.2810874811054933	-2.4022444433148
0.03792975366426141	-0.11515690612434622	0.4323375125249104	-0.6362748089287619
0.5474271402872335	0.1868070603066107	-1.255531160037718	-0.24733186213764677
-0.9527661091669875	1.1106820558559978	-1.5372659468473866	-1.0135438371005874
-0.8731349404137477	0.39008986550895935	-1.9794818905919738	0.6765631536557017
-0.9911193070781773	0.4806394734357855	-0.23465864757865243	0.19958014718582362
