-0.11448910916133273	-0.4701780642410976	0.5021622157982567	-0.18512868193774668
0.7173296741964419	-0.5942389681074909	0.23051151863589714	-1.96740638645693
-3.3267229671625502	-3.3987077453220915	-3.8556518491538276	1.363412859068479
-3.8308814066897536	-3.3500796083802564	1.3355118014668463	-1.9569643883235162
1.3437895046926327	-3.40845622602063	-3.444462571076914	-2.2882622150950134
-6.177900004886509	1.2771867305664046	-6.177900004886509	-0.8932707100318907
-2.2396211774710846	-3.80755401435152	-2.256723036281541	1.3261742620444468
-1.91793804378825	1.3259841984525638	-2.6556638463460183	-4.0775861157366275
1.3547709753017914	-2.7301709737551025	-5.358669567662521	-2.914862006217419
-1.3737042273212023	0.03393892711447429	-0.2507434303002328	0.6596364825645004
-0.29417150547348625	0.47239186725935095	-0.2638561917874818	-0.12449624059771619
