0.7611300092735168	-0.44982682592664663	-0.6379646874467306	-0.3664355120389311
-1.0316633157182171	0.5432001832643508	0.4556248920717659	-1.0644412157716552
-4.0022155955612675	1.3777840891258175	-4.755069333758968	-4.959904594773388
1.3369496718312084	-2.2834364385056225	-2.6203124351201206	-4.024372065914832
-2.9971316439411315	1.3330406347355233	-3.9028733052639013	-1.9853799231620017
-1.22098248594999	-2.6924968681104224	1.2828243357520908	-3.488852668420409
-2.4707590309763177	-2.1973898466165744	-3.562795635960858	1.328672435399683
-4.672487584066501	-4.901856810477323	1.3644777765505658	-2.665859719041444
0.07488159070144472	-1.9731336200055705	0.6465353256647569	-0.13432330609223983
-1.6966629274226819	0.8221145805153895	-0.8293297535411652	0.09989792420213571
-0.5344222708832927	0.388955621785832	-0.8857499561941571	0.42274718213362267
