0.35905423723107316	0.3387407224073776	-0.5588945759576003	-0.5225520976432007
0.8599262831894691	-0.37228238502738564	-0.7709812675813116	-0.7229984359499498
-0.7571600325202358	-1.4936151351639988	-1.6716517018756833	1.1373546052530188
-1.4212822627605786	-0.06677480883628531	-1.7245640825081394	0.9726480651051994
0.23395540615001786	-2.5808345900187732	-2.580821312055897	0.9497213577239965
0.07298980215524367	-1.1133407389991354	0.9098871370803544	-2.191236543047421
-0.38637355901894554	1.138866212041036	-2.301556362302759	-2.331446057633312
1.1848099882225336	-1.8261656926448624	-2.7192469212816324	-0.6872041093945028
-0.6678681001299641	-1.4664997164803595	-1.4540419975520877	1.1061979705552198
0.3563212343644241	-0.21845170167897537	-0.19904286334016946	-0.052708276951042056
0.7815855952575637	-1.9826727615620476	-2.398115756357434	0.46151539697871946
-1.5955800978818808	0.834608002106886	0.12623752052650622	-1.0251384722349546
1.291658973616177	-2.0094307552961017	-3.1444227933313744	-1.6926837322053385
1.2692550074207791	-2.1351352445639407	-1.3920867481546515	-2.5900729200545154
0.7943658810980079	-1.4616007253732395	-1.3637850586786997	0.2619078636210885
0.2303553657334954	-1.400627887942096	0.7812585794056517	-1.1702449701126518
0.16167001333263872	-0.17997219133691683	0.5289311153643351	-1.2306010184579963
