-0.8361283597289914	0.12410564513235108	0.485411810442966	-0.2111713291494713
0.2572632251007207	0.006696282448436182	-0.8258460980950527	0.23272260877156092
0.6169579000196135	-0.8783484383412328	-1.9192401059818245	0.4602887691598361
-1.5422189074257413	-0.9804133363521207	-2.716686716901073	1.2074202601309252
0.2641656182808156	-2.0152963113303337	-3.1304635659621343	0.9245277895236201
-3.130463565962135	-1.3180528605549833	-2.716686716901073	1.287179061118992
1.1148856778764862	-0.9804133363521199	-2.283501099145513	-0.7471859094845288
-0.2564392607805692	-2.7166867169010724	-1.501192330137298	1.0774704856890336
0.9368898528731339	-0.36002894860563184	-0.9804133363521202	-0.9804133363521202
-2.0848757364344457	0.5800311479336349	-0.1417196471046832	0.20025875104259333
-0.8756568125944283	0.48885173211858113	-0.4384648074641611	0.2684555448598658
