-0.44153194284535074	-0.7045399500771183	0.5676474092789202	0.09394704848865122
-0.6983314792622461	-1.9639059980715265	1.070340838936588	-0.8076542964683534
-1.508904461743521	-0.28888426181360205	0.9773950993851392	-0.9882585308624707
0.3100845409809756	0.5620043187935384	-1.8329371747584964	-0.32527097347827855
-0.920448210517656	-0.9996850378743501	1.0521358062771615	-0.9945139776504889
-2.7083854208590976	1.3335600219038615	-2.8096569025941065	-2.54335747120875
-2.688122800411823	-2.4811707143113764	-2.534265767288775	1.326816701295018
-1.7464570111223707	-0.6301827465238654	1.1777189452270345	-3.075738117347758
-2.5907879272108887	-2.094759248114486	-1.1810719746542604	1.2513304143881814
-3.6949200803731888	1.3317297007084805	-2.2938488395426115	-2.4454861016648284
-3.2583501107688693	1.3385700242349654	-2.885598981580559	-2.3844395963820877
0.578024393607727	-0.9073401257000724	0.1968372888901934	-0.5169369841103966
-0.3320195054108876	-0.4886953323083372	-0.8809818523250675	0.8130278485326058
-1.594668917141027	-1.8202847665405617	1.2644259223991843	-2.3646163259845228
-2.848302272555047	-1.683735171723614	1.296841879027743	-2.3161629339582364
-2.9351976920048304	-1.7860252092657363	-2.187770046079425	1.2993979043020676
-1.0055082391140386	-0.37700548884813845	0.9514219348132281	-1.024878499641401
-3.6877941404273247	1.2890444893408228	-2.0403309624602013	-1.534005252866787
-2.0984456062944292	-1.6837975224808732	-1.7513722235376195	1.2579352460625852
-1.4123566299649635	-1.8028403884179396	1.2408123686353107	-2.016057315409569
1.0452690557615887	-1.2699992610102486	-0.22962363941296376	-2.5235831794632997
0.7459218004375003	-0.14089276006204562	-0.6329559899838969	-0.7092487007026456
