-1.8675042716147343	-2.1628243845506163	-1.9199997006100191	1.276447224188738
-1.9199997006100191	-3.572690530904845	-0.3684145734784018	1.142145001052313
-0.20057648948421875	1.0662029549727963	-2.8186351867496584	-1.524531258237574
-2.310654723705371	0.891229395855903	-2.5837428525823363	0.3272783608001891
-4.400058040447161	-4.400058040447161	0.7853479101998049	0.5778917104362213
-0.6577974226988328	-4.400058040447161	1.2382449369440467	-3.903141843818025
-2.3936647653320064	-3.324736791140142	1.258651325763289	-1.0439722185100666
1.276447224188738	-1.113680932793377	-3.903141843818025	-2.694308015795771
1.3446234455022716	-3.903141843818025	-3.324736791140142	-2.2340103118057417
0.564501860305333	-0.8599823519543183	0.30422971254744535	-0.7707228823699511
-0.4394052342198476	-0.23996962976064704	-0.2602638410957252	0.5867196987339434
-0.323741183564272	-0.09093140312847327	0.5232217537098749	-0.39152265672705855
